-93
-95
-90
-95
-90
-97
-97
-95
-92
-99
-97
-91
-98
-94
-90
-89
-96
-92
-96
-96
-95
-98
-97
-95
-94
-91
-90
-95
-96
-89
-96
-92
-96
-95
-91
-91
-95
-98
-91
-98
-98
-90
-98
-98
-91
-89
-98
-96
-89
-97
-94
-89
-90
-99
-97
-92
-89
-89
-96
-93
-96
-89
-98
-98
-96
-93
-94
-93
-95
-96
-92
-89
-92
-95
-92
-90
-95
-94
-91
-99
-95
-90
-92
-97
-96
-95
-97
-93
-96
-97
-99
-97
-90
-96
-99
-92
-92
-98
-96
-92
-89
-89
-99
-94
-92
-95
-94
-89
-94
-93
-90
-90
-98
-94
-91
-89
-93
-96
-97
-90
-89
-97
-92
-89
-97
-89
-90
-95
-97
-98
-97
-98
-96
-93
-99
-97
-90
-96
-99
-99
-96
-97
-97
-98
-91
-91
-93
-99
-93
-96
-94
-96
-97
-89
-93

