-23
-67
-84
-32
-3
-29
-29
-93
-64
-20
-85
-19
-90
-24
-71
-94
-1
-48
-40
-25
-42
-75
-8
-84
-58
-32
-59
-66
-67
-30
-97
-4
-39
-4
-46
-80
-4
-69
-75
-24
-87
-23
-7
-26
-19
-24
-32
-35
-67
-89
-50
-28
-87
-91
-46
-13
-66
-19
-76
-45
-94
-16
-69
-92
-54
-98
-60
-39
-32
-99
-37
-36
-53
-86
-13
-43
-24
-71
-42
-54
-22
-48
-66
-45
-67
-82
-58
-73
-38
-51
-33
-16
-10
-60
-45
-76
-17
-72
-28
-50
-24
-66
-4
-46
-24
-7
-23
-5
-30
-19
-29
-14
-96
-7
-88
-85
-9
-41
-87
-36
-95
-87
-17
-78
-54
-17
-39
-97
-13
-48
-80
-24
-83
-94
-39
-48
-46
-28
-18
-99
-12
-47
-23
-1
-28
-15
-83
-39
-71
-74
-25
-20
-51
-44
-35

